006299
006302
006303
006305
006307
006308
006310
006311
006313
006321
006326
006327
006328
006329
006330
006331
006333
006334
006335
006336
006337
006338
006339
006340
006341
006346
006347
006348
006349
006351
006352
006353
006354
006356
006357
006359
006361
006362
006363
006366
006367
006368
006369
006370
006377
006378
006379
006380
006381
006382
006383
006384
006385
006386
006396
006399
006420
006421
006422
006426
006428
006429
006430
006431
006432
006433
006437
006442
006443
006444
006445
006449
006450
006451
006452
006453
006454
006455
006456
006457
006458
006459
006460
006461
006462
006463
006464
006465
006466
006467
006468
006470
006471
006472
006473
006474
006475
006476
006479
006481
006482
006483
006484
006485
006486
006488
006489
006491
006492
006498
006499
006501
006502
006510
006511
006512
006513
006514
006515
006516
006522
006523
006524
006525
006546
006547
006548
006549
006550
006558
006559
006560
006563
006565
006566
006567
006568
006569
006570
006571
006572
006573
006576
006577
006578
006581
006582
006585
006586
006587
006589
006590
006591
006592
006593
006595
006597
006598
011363
011365
011366
011367
011368
011370
011373
011374
011375
011376
011378
011379
011381
011383
011386
011387
011389
011390
011395
011396
011397
011398
011399
011400
011401
011402
011403
011404
011412
011413
011414
011415
011416
011417
011418
011419
011420
011421
011422
011423
011429
011430
011432
011433
011434
011435
011436
011437
011438
011439
011440
011441
011442
011443
011444
011445
011446
011447
011449
011450
011451
011458
011460
011462
011463
011465
011466
011467
011468
011469
011470
011471
011472
011473
011474
011475
011476
011477
011479
011480
011481
011483
011484
011490
011491
011492
011493
011494
011495
011498
011499
011501
011504
011505
011506
011507
011508
011509
011510
011511
011512
011513
011514
011515
011516
011517
011518
011519
011522
011524
011525
011528
011529
011530
011531
011532
011533
011534
011535
011536
011539
011540
011541
011544
011545
011546
011548
011553
011554
011556
011557
011560
011561
011562
011563
011564
011565
011566
011567
011568
011569
011570
011571
